SampleNumber	0	1	2	3	4
SampleName	None	ALDIAGNCD138NEG	ALDIAGNCD138POS	HL9671ACD138NEG	HL9671ACD138POS
L1T1101	0.5653753	32.47937	35.37751	23.43018	8.147574
L1T1102	0.5449753	32.47248	35.40262	23.37739	8.202536
L1T1103	0.5188958	32.59901	35.37561	23.32192	8.184559
L1T1104	0.4899097	32.56374	35.50916	23.27097	8.166216
L1T1105	0.4758792	32.60314	35.52885	23.24329	8.148849
L1T1106	0.4631162	32.66972	35.45184	23.23772	8.177599
L1T1107	0.4701305	32.65107	35.46053	23.24576	8.172509
L1T1108	0.4762385	32.62439	35.44802	23.23929	8.212061
L1T1109	0.4560858	32.59802	35.53338	23.25958	8.15294
L1T1110	0.4888795	32.6138	35.46514	23.27536	8.156816
L1T1111	0.461813	32.65691	35.47649	23.22057	8.184225
L1T1112	0.4763213	32.63786	35.39872	23.31142	8.175668
L1T1113	0.4762529	32.66054	35.34768	23.28526	8.230273
L1T1114	0.4799761	32.65076	35.39546	23.24878	8.225026
L1T1115	0.504763	32.69147	35.38448	23.18619	8.233098
L1T1116	0.4856113	32.75975	35.38557	23.12434	8.244731
L1T1201	0.5742932	32.54874	35.325	23.41829	8.133674
L1T1202	0.5413919	32.54223	35.36839	23.3977	8.150289
L1T1203	0.5167638	32.55804	35.39467	23.39058	8.139951
L1T1204	0.5099301	32.57816	35.39046	23.36123	8.160221
L1T1205	0.4859892	32.63528	35.42767	23.2763	8.174763
L1T1206	0.4877549	32.61177	35.49307	23.24706	8.160355
L1T1207	0.4678824	32.58869	35.53735	23.23063	8.175448
L1T1208	0.4838563	32.60809	35.52775	23.20564	8.174667
L1T1209	0.4724007	32.64934	35.43729	23.25677	8.184191
L1T1210	0.4752339	32.68045	35.43245	23.25339	8.15847
L1T1211	0.4695994	32.64568	35.49043	23.22633	8.167954
L1T1212	0.4714491	32.59286	35.4689	23.24761	8.219185
L1T1213	0.4852544	32.67352	35.43227	23.18933	8.219619
L1T1214	0.4876842	32.70471	35.4213	23.17543	8.210884
L1T1215	0.5006439	32.7969	35.40524	23.0723	8.22491
L1T1216	0.4995519	32.80054	35.46258	22.97406	8.263268
L1T1301	0.5400435	32.49852	35.22442	23.56202	8.174996
L1T1302	0.4974305	32.49429	35.34353	23.53341	8.131334
L1T1303	0.4720447	32.58634	35.31011	23.45512	8.176392
L1T1304	0.4670226	32.66018	35.35948	23.33794	8.175381
L1T1305	0.4671304	32.58573	35.40186	23.38118	8.164102
L1T1306	0.4614055	32.61931	35.36332	23.3862	8.169763
L1T1307	0.446036	32.55711	35.45881	23.3625	8.175536
L1T1308	0.4542308	32.66264	35.42223	23.26846	8.192439
L1T1309	0.4564933	32.62756	35.43335	23.29674	8.185855
L1T1310	0.4600776	32.6579	35.41421	23.28948	8.178339
L1T1311	0.4658638	32.64276	35.34856	23.36938	8.173433
L1T1312	0.4746596	32.69746	35.36129	23.27431	8.192276
L1T1313	0.477512	32.68393	35.33789	23.27215	8.228519
L1T1314	0.4825189	32.75208	35.41831	23.09252	8.254564
L1T1315	0.4889419	32.80946	35.40895	23.03601	8.256635
L1T1316	0.4827374	32.82406	35.4264	23.00817	8.258632
L1T2101	0.6036333	32.49189	35.23203	23.50362	8.168829
L1T2102	0.5862608	32.52646	35.31193	23.39756	8.177795
L1T2103	0.5543373	32.54056	35.39229	23.36331	8.149506
L1T2104	0.9468966	32.40154	35.27058	23.22109	8.15989
L1T2105	0.5179471	32.61359	35.36486	23.33339	8.170208
L1T2106	0.509969	32.60756	35.41275	23.31236	8.157362
L1T2107	0.4946365	32.55625	35.45607	23.29589	8.197162
L1T2108	0.4948974	32.62301	35.41988	23.26886	8.193357
L1T2109	0.4901936	32.59226	35.42587	23.3022	8.189483
L1T2110	0.5145311	32.58466	35.36099	23.36709	8.172727
L1T2111	0.4826398	32.57574	35.37808	23.37178	8.191764
L1T2112	0.5039888	32.67852	35.24364	23.38747	8.186382
L1T2113	0.5023285	32.57297	35.30075	23.44693	8.177015
L1T2114	0.5029399	32.57928	35.29975	23.40194	8.216096
L1T2115	0.5316098	32.70316	35.25816	23.29797	8.209098
L1T2116	0.5056038	32.81212	35.33935	23.14211	8.200821
L1T2201	0.6334239	32.47285	35.25181	23.50204	8.139884
L1T2202	0.5925562	32.49814	35.31681	23.41443	8.17807
L1T2203	0.5573606	32.57933	35.22341	23.4589	8.181002
L1T2204	0.5432198	32.56874	35.40183	23.32481	8.161393
L1T2205	0.5316683	32.57524	35.42637	23.31219	8.154538
L1T2206	0.4892606	32.62969	35.39995	23.30391	8.177196
L1T2207	0.472969	32.6155	35.5029	23.22043	8.188209
L1T2208	0.4830132	32.66794	35.43794	23.21776	8.193347
L1T2209	0.4879985	32.64507	35.36564	23.3298	8.171491
L1T2210	0.4760765	32.6344	35.46713	23.27088	8.151521
L1T2211	0.4780401	32.63883	35.40083	23.30316	8.179139
L1T2212	0.488431	32.69308	35.32318	23.26697	8.22834
L1T2213	0.4853054	32.63466	35.34823	23.30356	8.228247
L1T2214	0.4928542	32.71817	35.26056	23.32203	8.206394
L1T2215	0.5026149	32.74737	35.3825	23.14472	8.222799
L1T2216	0.498739	32.76717	35.3454	23.09299	8.295704
L1T2301	0.5893274	32.53782	35.25008	23.46436	8.158421
L1T2302	0.5387403	32.60448	35.27986	23.40976	8.16716
L1T2303	0.51745	32.61415	35.29604	23.3901	8.182264
L1T2304	0.4921008	32.60853	35.32035	23.43263	8.146386
L1T2305	0.4888479	32.5877	35.39838	23.34046	8.184611
L1T2306	0.481113	32.68999	35.33766	23.31944	8.171791
L1T2307	0.4657463	32.60057	35.45319	23.29998	8.180511
L1T2308	0.4721528	32.643	35.40511	23.30685	8.172886
L1T2309	0.4696054	32.64657	35.36645	23.33548	8.181897
L1T2310	0.468657	32.63456	35.40804	23.3217	8.167037
L1T2311	0.4746715	32.66076	35.43589	23.25312	8.175563
L1T2312	0.4829733	32.60944	35.38595	23.31851	8.203125
L1T2313	0.4668703	32.58801	35.42594	23.2877	8.231479
L1T2314	0.4715038	32.69207	35.34999	23.22762	8.258818
L1T2315	0.5055033	32.77034	35.31956	23.07599	8.328605
L1T2316	0.4940604	32.76847	35.42697	23.0224	8.288099

### Most Popular Unknown Index Sequences
### Columns: Index_Sequence Hit_Count
NNNNNNNN	142231
CATTACTC	22751
TTACTCGA	20413
CTCCGGAG	19462
CCGGAGAA	18173
ATTTACTC	17278
GCTCATTA	13113
ATACTCGA	12912
TACTCGAT	12132
TCTCGCGC	12102
CGAGATTC	9518
TCCCGGGA	9213
TCGGAGAA	8890
CGCTCTTA	8338
TCCGAGAA	8193
AAAAAAAA	8110
CGCCATTA	7212
CCGCTCAT	6791
ACTCGATC	6360
TCCCGGAG	6326
NNCGGANN	6146
GAGGATTC	5903
NNTACTNN	5824
CGGAGAAT	5616
NNCGGAGN	5073
TTCCGGGA	5025
GAGAATTC	4943
NCCGGAGN	4940
GAGATCCA	4786
NNTACTCN	4769
AATTACTC	4647
GAGTTCCA	4617
NTTACTCN	4524
NNGATTNN	4158
GGAGATTC	4094
CGTCATTA	4049
TTCCGGAG	4044
TACTCGAA	3802
ATTCTCGA	3772
CGCTATTA	3748
NNNGGNNN	3720
AACTCGAT	3581
GAGAATCA	3495
NNNACNNN	3417
NNGATTCN	3402
ATTTCTCC	3377
NAGATTCN	3332
CGCCTCAT	3280
TCCGGGAG	3224
GAAGATTC	3020
GAGGTTTC	3016
ATTACACA	2912
CGCTCCAT	2906
NNCGGNNN	2681
TCCGGGAA	2649
ATAAAAAA	2629
TCCGGAAT	2628
CGCTTCAT	2627
ATTACCTC	2585
TNNGGAGA	2496
CCTCATTA	2474
TTCGGTGA	2471
NNTACNNN	2450
NNNANNNN	2450
TCCGGATC	2431
NNNATNNN	2431
ANNACTCG	2259
ATTAACTC	2257
AAAAAACA	2171
CGCATTAT	2154
ATTTCCCC	2086
ATTACTTC	2067
AGCGATAG	2037
ATTACAAA	1954
ATTACTAA	1890
ATTTTTCC	1850
GGATTCCA	1721
NNGATNNN	1716
TAGGTTCC	1706
GAGATTAA	1682
NNNGNNNN	1655
AAAAATCA	1630
ATTAATCA	1623
GGAGAGTT	1594
GNNATTCC	1515
NNCTCANN	1507
GAGATACA	1492
TTCCGGGG	1481
AAAACAAA	1450
NNNGGAGA	1449
TTTGGAGA	1429
CAGCTTCC	1387
GTTATTCC	1378
TTCGGGGA	1351
NNNACTCG	1334
ATTTTTTT	1327
ATAACAAA	1311
ATTTCCCG	1294
ATTAAAAA	1287
GAGAAAAA	1280
NNNGGANN	1267
AATACTCA	1265
AGATTCCA	1258
GAGAAACA	1253
ATTTTCTC	1224
CGGCTCAT	1207
GAGAATAA	1201
AAAAATAA	1201
CGCTCTAT	1171
NNCTCATN	1170
ATTACTGA	1170
CCCCCCCC	1169
NNNACTNN	1159
GAAAATTT	1143
NGCTCATN	1129
GAAAATTC	1097
AAGATTCA	1073
TAAAAAAA	1065
AATACACA	1058
CACTCATA	1050
ATTTACCC	1048
ATTTCCTC	981
AAGAATCA	977
TCCGGCGC	968
ATTAATAA	965
CGACAGAT	961
TCCGGAAG	959
ATTTTCTT	948
GAGGTTGC	947
NNNNCNNN	943
NNNATTCC	937
ATTATCGA	924
AATTTTTT	923
TCCTGATA	916
ATTACCGA	907
ATTTTTTC	902
TCCGGTGC	896
TTTGGTGA	888
TCGATCTC	876
NNNNGNNN	846
TTACTCCA	815
NNNTCNNN	803
NNNATTNN	794
GAAGATTT	794
ATTAAACA	792
ATTTTCCC	788
ATAAAACA	782
ATTATTCC	779
AATAATCA	777
TTACTCTA	772
ATTACCCC	768
TTTACTCA	765
ATAAATAA	763
GAGCTCCC	750
AAAACACA	750
ATTTATCC	748
GTGACTCC	746
TCCGTTGA	741
ATCTCGAT	737
GAAAAAAA	719
GAATTCCA	717
TACAAAAA	715
GGGGATTC	713
CAATACTT	704
GGAAAGTT	701
TCTGGTGA	697
GAGAATTT	692
ATCACCCC	690
AATACAAA	688
AAGAAACA	685
AATAAAAA	667
TTTGCTCG	661
GAGAATAC	661
ATAACACA	655
GAGATAAA	626
CAATTCTT	621
GAAGAGTT	608
ATCACCCG	603
ATTTACTT	600
AATTTCTT	593
AATAAACA	586
TACTCCAT	585
NNCTCNNN	585
AAGAAAAA	585
ATAAATCA	584
TAAGAAAA	583
ATAACTCA	583
NNNNGAGA	582
ATTTCTCT	579
TAGATTCA	578
CGATAGTT	574
TGGAGAAT	569
CGGGGGAA	567
ATTTCCTG	565
CNNTCATT	564
AAATTCTT	564
GAGTTTTC	563
TACTCCAA	562
TACGAAGA	561
TCCGGTCA	557
NNNNTNNN	557
CGATAGAT	556
TTCCGGAA	552
TCCGAAAA	541
ATTTCCTT	541
TTCGCAGA	539
GATTCCAT	537
CTCGATCT	529
GAGATAAC	526
ACCACCCC	522
CGCCCCTT	518
CAATAATA	518
CGACAGTT	517
TTTCTCGA	516
GGAGAATT	514
CGACAGAA	514
TCGATTCC	510
AACAAAAA	504
NNNNCTCG	502
CTTCCTCG	497
CAGTTTCC	495
CGGAGAAA	494
GGGGAGTT	493
CGACACAT	492
AAAACTCA	490
ATGATTCC	487
TTTCTCCA	483
GAGGATTT	483
AATTTCTC	483
CAACACAC	480
CAACACAA	476
ATTACGAT	475
TTTCTCCC	472
CAATAAAA	472
TAGCTTCC	464
GTTACTCC	463
TACGAAAA	461
GAAGAATT	460
CCCCCACA	460
TCCCGCGA	458
GTGCTTCC	453
GCGCTTCC	450
GAAAAGTT	450
AAATACTT	449
AATTTTTC	448
TCAGAGAA	447
AATATTCC	442
TTCGGAGG	439
ATAACTAA	437
NNCGGAGA	432
AAACACAA	431
TACAGAGA	430
ATTCCCCG	427
ATATACTT	425
ATTTCTTG	423
GCGGTTCC	420
TTCCGAGA	411
GAGGATCC	405
CGACAGAG	405
CCCCGGGA	405
TCCAGTGA	403
GAGCTTAC	399
TTACTCCC	397
CACTAATA	397
AAGAATCC	396
CGGCTATG	395
CAATACAT	395
CTTTCTCG	389
TACAAAGA	388
GAGAAACC	387
GAGGGTTC	385
AAATTTTT	382
CTATACTT	381
ATTTCTTC	376
GGACAGAT	375
NNNTNNNN	374
TAGGTTGC	373
GAAAATCC	373
TAAGAAGA	372
NNTACTCG	369
CGCTATCT	369
TCAGAAGA	368
CAACAGAA	365
GGAGATTT	364
CAACACAT	364
AATACTAA	361
TAAGGAGA	359
GTGTTTCC	357
TACGGAGC	356
AATTTTCC	347
CTCATTAT	346
TTCGGACA	343
CCCCGGAA	343
CAATCATA	343
TCCCGGAA	342
NNNTCATT	342
CGCTTATC	342
TACGGTGA	341
CGATACTT	340
TCAGAAAA	339
CCCCCACC	339
CACCCCCC	339
TTACTCGC	335
TCCGTAGC	334
ATGACTCC	333
CGGAGGAA	330
NNNNTTCC	329
AATAATAA	329
TCCCGGGG	328
ATTTTTCT	328
AAGAATAA	327
AAATAAAA	325
AAGATACA	324
GGGAATTC	322
ATTTCTTT	321
GAACAGAC	320
CGACAGAC	319
GAGCTTTC	317
GAGGTTCA	315
GGATAGTT	314
CCCGGCGA	314
GAGGGTCC	312
ATTGCTCA	312
TTTCTCTA	309
GGAAATTT	308
CGATACAT	308
TTTACTGG	307
GTGACTCG	306
GGAGAGAT	302
AAATACAA	300
GGAGGGTT	299
CAATACAA	299
TTCAGAGA	298
ATCTCATT	298
CAGACCCC	296
CAACAGAC	296
CACACATA	295
GGACAGTT	293
GAGACCAT	292
CTTTCATT	292
CTTACTCC	292
CCCCCCTT	289
CAGCTCCC	288
CAAAAAAA	288
CTTACTCT	286
GGGAAGTT	285
CGACACTT	285
TTCACTCG	282
CGCTTTAT	282
AAATACAT	282
GAGCCTCC	281
CAACACTT	279
TAGTTTCC	276
CCACAGAA	276
AAAACTAA	276
NCCGGANN	275
GAGGAGTC	275
CCGGGGAA	275
AAACACAC	275
GAGGAGTT	274
TTACTCTC	273
NNGATTCC	271
ATACACAA	271
TTCTCGAT	270
AAACAGAA	269
TTCTCCAT	268
TAGATTGC	268
CAATAGTT	268
NNNTCANN	266
AATACTCC	265
TCCGCACA	264
GAAAATAA	263
ATATACAT	263
NTTACTNN	262
TCCAAAAA	261
CTCTCCTT	259
GAAAATCA	258
GAGCTGCC	257
CAGCCCCC	257
ATTACTAT	257
GAAGAGTC	256
CGCTCAAC	252
ATTAATAG	252
ATTTATTC	250
ATTCCTCC	249
GGAAAGAT	247
GAGAAAAC	247
AGACAGAT	247
TTTAGTCG	246
TAAAAAGA	245
CGCTTCTT	244
GAACACAC	243
CGGCAGAC	243
GAAAAACA	242
AAAAATCC	242
CAATACTA	241
TCCAGAAT	240
GAGTCCAT	238
GAAAAATT	238
TTTGGTGG	237
GAGCTTCA	236
TTTGCTCA	235
CCACACAA	235
CAGCAGAC	235
CAACAGAT	235
GAGAAGTT	233
CGACCGAG	232
CTTACTCA	231
CACACCCC	231
CCCGGGGA	230
ATTGCTGG	229
AGATAGAT	229
ATTACCAG	227
TTTCTCTC	226
GAGCAGAC	226
GAGACCCC	226
ATTAATCC	226
CAATAATT	224
ATTTATCG	224
ATTCCTCA	224
TTCTCCAA	223
TTCGGTGG	223
TCGGTTCC	222
AAAATTCC	222
TCCAGACA	221
TCCGTTGC	218
AAAAACAA	218
CACTCAAA	216
CACACAAA	216
CAATAGAT	216
AACACAAA	216
GGATAGAT	215
GAAGAATC	214
CGACACAC	213
TCATTATC	212
AAGACTCC	212
TCCGGACC	210
TTACCCGA	209
CCCCGCGA	208
ATATAGTT	207
NAGATTNN	206
GGACAGAC	206
CTCTCACT	206
TTTGCTGA	204
TTCGGTCA	204
CTCTCTTT	204
ATCACTCC	204
GAGATTAT	203
AAATAATA	203
CACTAAAA	202
TCAAAAAA	200
GAACAGAA	197
GAAATTCA	197
AAAATTCA	197
TACATTCC	196
ATACCCGA	196
GAGATCAC	194
TTTGCTGG	192
TCACACAA	192
ATACAGAG	192
AAATTCTC	191
GGAGGATT	189
TTCGCTGA	188
ATTTATTT	188
TCGGGTGA	187
CTATACAT	187
TAACACAA	186
GGAGAGAA	186
GGAGAATC	186
GAGCTCAC	186
CAATCATT	186
TTTGGTCA	185
CGATCTCG	185
GATACTCC	184
GAGGAATT	184
CAACACTC	184
ATATACAA	184
ATACACAT	184
ATTACGAG	183
CTACCGAG	182
CCCCGAGA	182
AGATAGTT	182
CTATTCTT	181
CGACACAA	181
AGACAGAG	181
CGATAGAA	180
ATTTCATT	180
TCCTGATT	179
GAGCTGAC	179
GAACAGAT	179
AAATTATT	177
CAACTCTT	176
ATTCCGCG	176
TCCAAAGA	175
GGGGTTTC	175
ATACACAC	175
GATCTTCC	174
CTTTCTTT	174
CGATTATC	174
ATCACACG	174
AAATACTA	174
GGGAATTT	173
GAGGAATC	173
TTCAGTGA	171
TGATAGTT	171
CGGCCCTT	171
TCCGGCTA	170
GAGATGAC	170
CTCTCATG	170
TTTTTCTT	169
TACGGAAA	169
ACCACCCG	169
TCGCGCAT	168
TACGTAGA	168
GTGATTCG	168
TTCGGGGG	167
TCGGGGGA	166
GAGATTTT	166
CTATCCTT	166
TCCACAGA	164
ATTACTTT	164
TCCCGCGC	163
CTTTCTCT	163
ATTCCTCT	163
AAATAATT	163
GGGCAGAC	162
CGCTAATA	162
CAGCAGAA	162
ATTTCGAT	162
GGAGAGTC	160
CCCCCCCA	160
ATACAGAA	160
TTCCCGGG	159
CAATCAAA	159
ATATAGAT	159
AAACAGAC	159
AAACAAAA	159
CCCGGCGC	158
ATTCGATC	158
ACACACAA	158
TTTACACG	157
GAGCACAC	157
CTTTTTTT	157
CTTTCCTT	157
AAATAGAT	157
GGGATTTC	156
CTCCCGAG	156
CGGCAGAA	156
CAATTTTT	156
CAATACAC	156
CCCGCAGA	155
GTTATTCG	154
GAGCCCCC	154
AGACAGAA	154
AAAAAGAA	154
AAACACAT	153
TCCTGCGA	152
TCCAGAAA	152
TCACAGAA	152
GAGAAGTC	152
GAAAATAC	152
CCACGGAA	152
ATTCCTGG	152
CTTCCGAG	151
CGGCAGAG	151
ATTGGTCG	151
ATTCAGAA	151
GAGTTTCT	150
GAACAGTT	150
CTACACTT	150
CGCTCCTC	150
TTTCTCCG	149
ATATTTTT	149
TCCTCATT	148
GGGGATTT	148
AAGATTAA	148
TCCGAGGA	147
GGGGAGTC	147
GGAAAATT	147
CAGCACAC	147
TCGGTAGA	146
GAGTTCCC	146
ATGATTCG	146
GCGATTCA	144
CGGGGAAA	144
CAATTGTT	144
CAACAGTT	144
ATTCCCGA	144
ATTCCCAG	144
ATATTCTT	144
TTTGCAGA	143
TTACTCCG	143
TACGGTGC	143
CTTCCCCC	143
AAAAATAC	143
CTGATTCC	142
CAAACAAA	142
AGACAGTT	142
CTACAGAG	141
CGGTCCTT	141
CCACACAC	141
CAACTCAC	141
AAAAAAGA	141
TCGGTTGC	140
TCCTCATA	140
TAGATACA	140
TACAGAAA	140
CAATACTC	140
ATTAGTCA	140
TCCGCGAA	139
TCCAGTCA	139
CTATAGTT	139
CAATTCTC	139
ATTTACCG	139
AGACACAT	139
AAGATTAC	139
CTTTACTT	138
ATTCCGAG	138
ATTCCCGG	138
ATCGGAGA	138
ATACACAG	138
TTTGGTCG	137
TGATAGAT	137
TACTCGGA	137
ATCACTCA	137
CGCCCATC	136
CCCCAGAA	136
CAGCCTCC	136
CAATTCAT	136
ATTCCCCC	136
TTTTTTTT	135
TCCGCTGA	135
GAAGAGAA	135
CTCACCCC	135
GGGCAGTT	134
CGATAATT	134
ATTTTATT	134
AATTTATT	134
TTGATTCC	133
TTTTTCTC	132
TTCTCGAA	132
CGCTCACC	132
CAGACTCC	132
CACAAAAA	132
TGACAGAT	131
TACTCGAG	131
GAACACAA	131
ATATACTA	131
TCCGGTGG	130
TCCGCCGA	130
NNNNCATT	130
CGGCCGAG	130
CCCCCCTC	130
CAATAGAA	130
CAACAAAA	130
AACACATA	130
AAATAGTT	130
TTTTTCTA	129
TCAGGAAA	129
CCGCGGAA	129
TCGGTTGA	128
TCCCCCCC	128
GAATAGAT	128
CTTTTCTT	128
CGCCTCTT	128
CAATTATT	128
ACACAGAA	128
AAAGAAAA	128
TTCCTCGA	127
TCAGGCGA	127
TAATAAAA	127
GAGTTTAC	127
TTTAGTCA	126
TCCGTCGA	126
TCCGGATT	126
GCGTTTCC	126
CTACACAT	126
TAACACAC	125
GAGATTGA	125
CGAGATTT	125
CGAGAGTT	125
AACTCATA	125
TACTCGAC	124
TACCCGAA	124
GAATAGTT	124
GAAAAGAT	124
ATTTCCCT	124
CTTCCTCC	123
CCCCCAGA	123
TCGGGAGC	122
TCCGGGGG	122
CTTACCCG	122
ATATCCTT	122
TTTGGAGG	121
TAGAGTCC	121
TAATTCTT	121
GAAAAGTC	121
CAACAGAG	121
TTCACTCA	120
TCTGCAGA	120
GAGTTACC	120
GAAATTAC	120
CCATACTT	120
ATACAGAT	120
AACAAAGA	120
AAATAGAA	120
CAGATCCC	119
AATTACTT	119
TTACTCGG	118
TACTTGAT	118
TAACAGAA	118
GGGGAATT	117
CTGCTTCC	117
CCGCAGAA	117
ATACACTT	117
AAATATTT	117
AAACAGAT	117
GAGATCAT	116
CGCCCACC	116
TTTCCCCG	115
TCGAGAAT	115
CGGCTCTT	115
CGATCATA	115
ATTACCTG	115
GAGCTCTC	114
AATTCCTC	114
TCAGGGGA	113
TACGTTCC	113
GAGAGTTC	113
TCCGTACA	112
TCCGGCAA	112
TAGGTTCA	112
TAGGGAGA	112
GGGGGGTT	112
CGACAGTA	112
CAACACTA	112
ATTAACCC	112
AGATACAT	112
ACAAAAAA	112
GAAAAGAA	111
CTTACCCC	111
CCCCCCGC	111
CAACTCAT	111
ATTTACTA	111
AATTCTCC	111
TTTAGTGG	110
TTCGCACA	110
GGGCAGAT	110
GAGATCTC	110
CGCATCTC	110
ATTAGTGG	110
AAACAGAG	110
TCCTGCTA	109
TCCGCCGC	109
CCCCGACA	109
TTTAGTGA	108
TCCGTTCC	108
CCCGGAGC	108
ATATATTT	108
AACAGAGA	108
TAGATACC	107
TACTTGAA	107
CTCCCCCC	107
CGACGGAA	107
ATTTACTG	107
AGATACTT	107
AAGATAAA	107
TGCTGATT	106
TCCTTATA	106
TCCTCAGA	106
TCCGCATA	106
GAGATATC	106
CCCGCACA	106
CAAACATA	106
ATTACCCA	106
GAGGGTTT	105
CTCACTCG	105
ATCACACA	105
ACCAGAGA	105
AACACACA	105
GGGAAGAT	104
GAGCTACC	104
CAACTCTC	104
AATTACCC	104
TACCCCAA	103
CCCGGGAA	103
AAATACAC	103
TGACAGTT	102
TCCGGTCC	102
ATATAATT	102
TACTTCAA	101
CGACAGTC	101
TTTACTGA	100
GGGGAGAT	100
GGAAATTC	100
CGAGAATC	100
CAGTTTTC	100
ATTAACCG	100
AATTCCCC	100
AACAAACA	100
TTCGCTCA	99
TCGGGTGC	99
NNCTCATT	99
GGACAGAA	99
GAGTTTCA	99
GAGGGTGC	99
CCCCGCAA	99
CCACGGGA	99
ATGACGCG	99
TGACAGAA	98
GGGTAGAT	98
CTGTTTCC	98
CGGTTCTT	98
CGATCGTT	98
CGAGAGAA	98
CGACCGAT	98
CCATACAA	98
TTATTCTT	97
GTGATTCA	97
GGACAGAG	97
GAGAAGAC	97
CTTCCGCG	97
CGATTCTT	97
CGACCCTT	97
CCGCGGGA	97
ATTAATCT	97
AAGCTTCC	97
AAATACTC	97
TAGGGTGC	96
TACGTTGC	96
CTCTCATA	96
CGGCACAC	96
CGATACAA	96
CGACACAG	96
CCCTCATA	96
ATACCGAG	96
AGATAGAA	96
TTTCCCCA	95
TCCTGAGT	95
TACGTTGA	95
GAAGGATT	95
CTATTTTT	95
CGATCCTT	95
ATTGGTGA	95
TACTTCAT	94
GGGTAGTT	94
GAACAGAG	94
CGGCAGAT	94
CCGCCCCC	94
CCCACCCC	94
ATCGATCT	94
ATATAAAA	94
ATACCTCG	94
AAATTGTT	94
TTTGGACA	93
GAGTTTTT	93
GAGCTGTC	93
CTTCCCCG	93
CAATTCTA	93
TCGGGGAA	92
TAGGGTCC	92
TAATACAA	92
GAAATTAA	92
CGATAGAG	92
CGAGAGAT	92
CCCGGACA	92
ATTACAAG	92
AAAAAATA	92
TTTCCTCG	91
TTTCCCGA	91
GATCCATC	91
GAAAAAAC	91
CAGCAGAG	91
CACTTATT	91
CACTAATT	91
ATTCCCCA	91
TCCGGCCA	90
GAATACAT	90
GAACACAT	90
CGCCAGAA	90
ATAAACAA	90
TCTGGACA	89
GGACACAT	89
GAGGTTGA	89
GAGCAGAA	89
CGGAGGAT	89
CGATTGTT	89
TTTCTTCC	88
CTTCCCTT	88
CCACACAT	88
ATTTCTCA	88
AAGAATAC	88
TTTCTCGC	87
TCCGGACG	87
GACGTTCC	87
GAAAAGAC	87
CGCCGGAA	87
CCACACTT	87
CACAAATA	87
ATTTTCCT	87
ATTGGTGG	87
TCCCGAGC	86
TAATAATA	86
NNNGGAGN	86
CTACACAA	86
CCGCAGAC	86
ATTTCACG	86
ATTTACAT	86
ATTGCACG	86
TTTGCACA	85
TCCGGCGT	85
TCCCCCGA	85
GAAAAATC	85
CGGCGGAA	85
CCGGAGAT	85
CCCCACAA	85
AAAAACAC	85
TTCCCCAA	84
TGACACAT	84
TCCGTTCA	84
TACTCCGA	84
TAACAGAC	84
GAGCCATC	84
CTACACAG	84
CCCCGCGC	84
ATTCCCTT	84
TAGGTTGA	83
CCCCCGAA	83
AAGACTCA	83
AAATTATA	83
TCCGCAGC	82
TCATACAA	82
GGGGAGAA	82
GAGTTCTC	82
GAGGTACC	82
GAATTCTT	82
ATTATTCA	82
ACTCGATA	82
AATTTTCT	82
AAAACATA	82
TTTCTCTT	81
TCCCCCGC	81
TCAGAATC	81
GGGGGATT	81
GAGAAATT	81
CGATAGTA	81
CGACACTC	81
ATTGGAGA	81
ATACCCCG	81
TTGCTTCC	80
TTCACAGA	80
TCTGAGAA	80
TCCTTAGA	80
TCACACAC	80
GAGAATCT	80
CTGCCGAG	80
CACGGAGA	80
ATTTAATT	80
ATTCCTGA	80
AATATTCA	80
TCGGAGGA	79
TCCAGAGG	79
GGACACAC	79
GAACTGAC	79
CCCCGGGG	79
CAATAAAT	79
CAACAGTC	79
ATTACACT	79
ATAAATCG	79
ACACACAC	79
TTACTCAA	78
TATATTCC	78
TAATACTT	78
CTACCCTT	78
CGATAGAC	78
CGACCGTT	78
CCCCCGGA	78
CCACAGAC	78
ATTTTTCG	78
ATTCACAG	78
TTCGCAGG	77
TTCACACA	77
TNNNGAGA	77
TAATAATT	77
GAGTTATC	77
CGCGCAGT	77
CCCCCCGA	77
CAGCTCAC	77
CACATTCC	77
ATACCCGG	77
TCCCCACA	76
TAAAGAGA	76
GCGGTTGC	76
CTATAGAT	76
CTACCCAT	76
CCGAGAAT	76
CAATTCAC	76
ATTCATCG	76
ANNNCTCG	76
AGACCGAG	76
